Output
Evaluate Chunking: 
Precision: 0.19562133899811726
Recall: 0.9324548327351716
F1Score: 0.32334218341896953
Evaluate Classify: 
Precision: 0.740576520690045
Recall: 0.6332070149036202
F1Score: 0.6826602441089513
Evaluate Classification Arguments: 
Precision: array([ 0.93295276,  0.65078199,  0.58737013,  0.        ,  0.05      ,
        0.        ,  0.64323846,  0.63142857,  0.40537157,  0.3952381 ,
        0.57351272,  0.        ,  0.35833333,  0.        ,  0.        ,
        0.61487942,  0.        ,  0.60597992,  0.82903322,  0.605     ,
        0.        ,  0.68991004,  0.1       ,  0.26666667,  0.        ,
        0.61955638,  0.9405357 ])
Recall: array([ 0.83044297,  0.55924412,  0.34360774,  0.        ,  0.00769231,
        0.        ,  0.36786695,  0.4602381 ,  0.49706349,  0.13432861,
        0.49627922,  0.        ,  0.02888144,  0.        ,  0.        ,
        0.59870482,  0.        ,  0.32517166,  0.60409915,  0.05354253,
        0.        ,  0.48658045,  0.04333333,  0.35      ,  0.        ,
        0.85408653,  0.9736245 ])
F1Score: array([ 0.87859571,  0.60118104,  0.42709434,  0.        ,  0.01333333,
        0.        ,  0.4666783 ,  0.49697497,  0.43616695,  0.19600352,
        0.5293703 ,  0.        ,  0.05242818,  0.        ,  0.        ,
        0.60415491,  0.        ,  0.42272831,  0.69713717,  0.09538231,
        0.        ,  0.5680995 ,  0.05666667,  0.26666667,  0.        ,
        0.71744722,  0.9567927 ])
Evaluate Total: 
Precision: 0.740576520690045
Recall: 0.5904216503833799
F1Score: 0.6569922845585505
Running time: 
0:24:07.902616
===============================================================================
Origin:
Output
Evaluate Chunking: 
Precision: 0.19562133899811726
Recall: 0.9324548327351716
F1Score: 0.32334218341896953
Evaluate Classify: 
Precision: 0.7798677899801152
Recall: 0.6703277467672147
F1Score: 0.7209326933944779
Evaluate Classification Arguments: 
Precision: array([ 0.93302958,  0.64707537,  0.58219336,  0.        ,  0.05      ,
        0.        ,  0.63459154,  0.55642857,  0.40537157,  0.40892857,
        0.58477471,  0.        ,  0.71111842,  0.        ,  0.        ,
        0.61846383,  0.        ,  0.58362965,  0.7792776 ,  0.8484707 ,
        0.        ,  0.69020686,  0.45333333,  0.45      ,  0.2       ,
        0.7876987 ,  0.94164259])
Recall: array([ 0.82853173,  0.55774662,  0.33620783,  0.        ,  0.00769231,
        0.        ,  0.35582371,  0.42690476,  0.49706349,  0.16285425,
        0.44482451,  0.        ,  0.63163082,  0.        ,  0.        ,
        0.60869945,  0.        ,  0.34749261,  0.78331315,  0.87627226,
        0.        ,  0.48354015,  0.1325    ,  0.41      ,  0.06428571,
        0.85733444,  0.97377406])
F1Score: array([ 0.87753912,  0.59874285,  0.42190667,  0.        ,  0.01333333,
        0.        ,  0.4539945 ,  0.47050144,  0.43616695,  0.22671317,
        0.50258007,  0.        ,  0.66737697,  0.        ,  0.        ,
        0.61092157,  0.        ,  0.43490901,  0.78065322,  0.86148694,
        0.        ,  0.56631202,  0.2006105 ,  0.40833333,  0.09166667,
        0.82077896,  0.95743747])
Evaluate Total: 
Precision: 0.7798677899801152
Recall: 0.625042517941378
F1Score: 0.6938967074957343
Running time: 
0:31:37.097548


